alias:
- c2h6
heat_of_formation:
  ATcT: -68.39
heat_of_reaction:
  ATcT: 0.0
smiles: CC
theory:
  anl0:
    av5z: -79.70584179
    avqz: -79.69874601
    ccQ: -79.58334286
    ccT: -79.5823205
    ci_DK: -79.65940548
    ci_NREL: -79.63127166
    core_0_qz: -79.8086294
    core_0_tz: -79.77616764
    core_X_qz: -79.69968952
    core_X_tz: -79.67652355
    zpe: 0.07472982
    zpe_anharm: 191.174
    zpe_harm: 195.092
  b2plypd3:
    b2plypd3_E0: -79.698983
  f12b:
    b2plypd3_zpe: 0.075094
    f12b: -79.7058375
  m062x:
    m062x_E0: -79.730454
  m062x_dlpno:
    m062x_dlpno: -79.7004473957
    m062x_zpe: 0.075091
  wb97xd:
    wb97xd_E0: -79.757736
  wb97xd_dlpno:
    wb97xd_dlpno: -79.7004513452
    wb97xd_zpe: 0.074987
