alias:
- cf4
heat_of_formation:
  ATcT: -927.77
heat_of_reaction:
  ATcT: 0.0
smiles: FC(F)(F)F
theory:
  anl0:
    av5z: -437.18786084
    avqz: -437.14104547
    ccQ: -436.56245636
    ccT: -436.56018052
    ci_DK: -437.19056962
    ci_NREL: -436.85074124
    core_0_qz: -437.45314919
    core_0_tz: -437.29800388
    core_X_qz: -437.15052864
    core_X_tz: -437.0238192
    zpe: 0.01751292
    zpe_anharm: 43.788
    zpe_harm: 43.731
  b2plypd3:
    b2plypd3_E0: -437.412656
  f12b:
    b2plypd3_zpe: 0.017149
    f12b: -437.1960245
  m062x:
    m062x_E0: -437.514855
  m062x_dlpno:
    m062x_dlpno: -437.1510263475
    m062x_zpe: 0.017652
  wb97xd:
    wb97xd_E0: -437.525326
  wb97xd_dlpno:
    wb97xd_dlpno: -437.1510246149
    wb97xd_zpe: 0.017287
