alias:
- cf3c_o_oh
heat_of_formation:
  CBH-2-H//anl0: -1017.3386372652344
heat_of_reaction:
  CBH-2-H//anl0: 71.64866831153452
smiles: O=C(O)C(F)(F)F
theory:
  anl0:
    av5z: -526.37700159
    avqz: -526.3227055
    ccQ: -525.63096611
    ccT: -525.62696436
    ci_DK: -526.23150569
    ci_NREL: -525.86102064
    core_0_qz: -526.7465785
    core_0_tz: -526.55698493
    core_X_qz: -526.33275675
    core_X_tz: -526.18128241
    zpe: 0.03947159
    zpe_anharm: 100.59
    zpe_harm: 101.47
  b2plypd3:
    b2plypd3_E0: -526.663081
  f12b:
    b2plypd3_zpe: 0.039141
    f12b: -526.38585782
  m062x:
    m062x_E0: -526.798414
  m062x_dlpno:
    m062x_dlpno: -526.3329352772
    m062x_zpe: 0.040058
  wb97xd:
    wb97xd_E0: -526.810872
  wb97xd_dlpno:
    wb97xd_dlpno: -526.3329606009
    wb97xd_zpe: 0.039681
