alias:
- cf3cf2oh
heat_of_formation:
  CBH-2-H//anl0: -1312.954390635326
heat_of_reaction:
  CBH-2-H//anl0: 67.80501736737484
smiles: OC(F)(F)C(F)(F)F
theory:
  anl0:
    av5z: -650.78088387
    avqz: -650.71227102
    ci_DK: -650.62822568
    ci_NREL: -650.14403377
    core_0_qz: -651.20385307
    core_0_tz: -650.97052269
    core_X_qz: -650.72533664
    core_X_tz: -650.53647606
    zpe: 0.04204995
    zpe_anharm: 105.71
    zpe_harm: 106.57
  b2plypd3:
    b2plypd3_E0: -651.115234
  f12b:
    b2plypd3_zpe: 0.041428
    f12b: -650.79234793
  m062x:
    m062x_E0: -651.278954
  m062x_dlpno:
    m062x_dlpno: -650.7268369208
    m062x_zpe: 0.042338
  wb97xd:
    wb97xd_E0: -651.292559
  wb97xd_dlpno:
    wb97xd_dlpno: -650.7268278416
    wb97xd_zpe: 0.041817
