alias:
- ch3cf2cf3
alternative_rxn:
  1.5:
    C: -1
    CC: -0.5
    CCC: 1
    FC(F)(F)C(F)(F)F: 0.5
    FCF: 1
heat_of_formation:
  CBH-2-H//anl0: -1151.8376657433712
heat_of_reaction:
  CBH-2-H//anl0: 50.271126142233015
smiles: CC(F)(F)C(F)(F)F
theory:
  anl0:
    av5z: -614.87079547
    avqz: -614.80656024
    ci_DK: -614.70008994
    ci_NREL: -614.2507815
    core_0_qz: -615.29239919
    core_0_tz: -615.07111211
    core_X_qz: -614.81883366
    core_X_tz: -614.64117516
    zpe: 0.06555384
    zpe_anharm: 166.7
    zpe_harm: 168.44
  b2plypd3:
    b2plypd3_E0: -615.171372
  f12b:
    b2plypd3_zpe: 0.065247
    f12b: -614.88141026
  m062x:
    m062x_E0: -615.330743
  m062x_dlpno:
    m062x_dlpno: -614.8204703088
    m062x_zpe: 0.066005
  wb97xd:
    wb97xd_E0: -615.353863
  wb97xd_dlpno:
    wb97xd_dlpno: -614.8204341098
    wb97xd_zpe: 0.065422
