alias:
- h2
heat_of_formation:
  ATcT: 0.0
heat_of_reaction:
  ATcT: 0.0
smiles: '[H][H]'
theory:
  anl0:
    av5z: -1.17422254
    avqz: -1.17380008
    ccQ: -1.163446781975
    ccT: -1.163446781975
    ci_DK: -1.17264502
    ci_NREL: -1.17263551
    core_0_qz: -1.17379606
    core_0_tz: -1.17233669
    core_X_qz: -1.17379606
    core_X_tz: -1.17233669
    zpe: 0.01004413
    zpe_anharm: 26.187
    zpe_harm: 26.427
  b2plypd3:
    b2plypd3_E0: -1.159815
  f12b:
    b2plypd3_zpe: 0.010175
    f12b: -1.17404341
  m062x:
    m062x_E0: -1.158688
  m062x_dlpno:
    m062x_dlpno: -1.1739005486
    m062x_zpe: 0.010179
  wb97xd:
    wb97xd_E0: -1.166498
  wb97xd_dlpno:
    wb97xd_dlpno: -1.1739055737
    wb97xd_zpe: 0.010105
