alias:
- ch3ocf3
alternative_rxn:
  1.5:
    CF: -1
    COC: 1
    FC(F)(F)F: 1
heat_of_formation:
  CBH-2-H//anl0: -873.9321304072076
heat_of_reaction:
  CBH-2-H//anl0: 3.3958133902179846
smiles: COC(F)(F)F
theory:
  anl0:
    av5z: -452.41324183
    avqz: -452.36595043
    ci_DK: -452.31391965
    ci_NREL: -451.9925699
    core_0_qz: -452.72909246
    core_0_tz: -452.56528257
    core_X_qz: -452.37477372
    core_X_tz: -452.24352461
    zpe: 0.05788502
    zpe_anharm: 147.37
    zpe_harm: 148.98
  b2plypd3:
    b2plypd3_E0: -452.627615
  f12b:
    b2plypd3_zpe: 0.057661
    f12b: -452.42066326
  m062x:
    m062x_E0: -452.748209
  m062x_dlpno:
    m062x_dlpno: -452.3759362042
    m062x_zpe: 0.058301
  wb97xd:
    wb97xd_E0: -452.76555
  wb97xd_dlpno:
    wb97xd_dlpno: -452.3758873089
    wb97xd_zpe: 0.057814
