alias:
- ch3och3
heat_of_formation:
  ATcT: -166.51
heat_of_reaction:
  ATcT: 0.0
smiles: COC
theory:
  anl0:
    av5z: -154.84131915
    avqz: -154.82644948
    ccQ: -154.60795172
    ccT: -154.60630032
    ci_DK: -154.77089469
    ci_NREL: -154.6938073
    core_0_qz: -154.99644643
    core_0_tz: -154.93598682
    core_X_qz: -154.82828726
    core_X_tz: -154.78256335
    zpe: 0.07996674
    zpe_anharm: 205.14
    zpe_harm: 208.09
  b2plypd3:
    b2plypd3_E0: -154.875726
  f12b:
    b2plypd3_zpe: 0.080175
    f12b: -154.842374382002
  m062x:
    m062x_E0: -154.929393
  m062x_dlpno:
    m062x_dlpno: -154.8296992778
    m062x_zpe: 0.080518
  wb97xd:
    wb97xd_E0: -154.953953
  wb97xd_dlpno:
    wb97xd_dlpno: -154.8296267112
    wb97xd_zpe: 0.080146
