alias:
- hf
heat_of_formation:
  ATcT: -272.68
heat_of_reaction:
  ATcT: 0.0
smiles: F
theory:
  anl0:
    av5z: -100.38541376
    avqz: -100.3746075
    ccQ: -100.22865146
    ccT: -100.22814868
    ci_DK: -100.41843886
    ci_NREL: -100.33697991
    core_0_qz: -100.43800746
    core_0_tz: -100.3999093
    core_X_qz: -100.37565898
    core_X_tz: -100.34358
    zpe: 0.00951556
    zpe_anharm: 24.28
    zpe_harm: 24.508
  b2plypd3:
    b2plypd3_E0: -100.419897
  f12b:
    b2plypd3_zpe: 0.009418
    f12b: -100.38696104
  m062x:
    m062x_E0: -100.438867
  m062x_dlpno:
    m062x_dlpno: -100.3772493799
    m062x_zpe: 0.009519
  wb97xd:
    wb97xd_E0: -100.446863
  wb97xd_dlpno:
    wb97xd_dlpno: -100.3772504059
    wb97xd_zpe: 0.009499
