alias:
- c2f6
heat_of_formation:
  ATcT: -1334.11
heat_of_reaction:
  ATcT: 0.0
smiles: FC(F)(F)C(F)(F)F
theory:
  anl0:
    av5z: -674.7917625
    avqz: -674.72011636
    ccQ: -673.82752362
    ccT: -673.82375503
    ci_DK: -674.67383553
    ci_NREL: -674.1571443
    core_0_qz: -675.21545244
    core_0_tz: -674.97566521
    core_X_qz: -674.73438432
    core_X_tz: -674.53953246
    zpe: 0.03012016
    zpe_anharm: 76.411
    zpe_harm: 75.44
  b2plypd3:
    b2plypd3_E0: -675.145091
  f12b:
    b2plypd3_zpe: 0.029536
    f12b: -674.80424344
  m062x:
    m062x_E0: -675.308368
  m062x_dlpno:
    m062x_dlpno: -674.7351321892
    m062x_zpe: 0.030451
  wb97xd:
    wb97xd_E0: -675.322277
  wb97xd_dlpno:
    wb97xd_dlpno: -674.7350961663
    wb97xd_zpe: 0.029767
